image: ./map.pgm
resolution: 0.050000
# origin: [-12.824999, -12.824999, 0.000000]
# origin: [38.375001, -12.824999, 1.5707963267948966]
origin: [12.824999, 12.824999, 3.141592653589793]
negate: 0
occupied_thresh: 0.65
free_thresh: 0.196

